CEID1,CEID2,CEID3,CEID4,CEID5,CEID6,CEID7,CEID8,CEID9,CEID10,CEID11,ce_name
1,1010001,70001,40001,80001,4026540001,80001,151309001,20001,100001,60001,ControlStateEqOffline
2,1010002,70002,40002,80002,4026540002,80002,151309002,20002,100002,60002,ControlStateHostOffline
3,1010003,70003,40003,80003,4026540003,80003,151309003,20003,100003,60003,ControlStateLocal
4,1010004,70004,40004,80004,4026540004,80004,151309004,20004,100004,60004,ControlStateRemote
5,1010005,70005,40005,80005,4026540005,80005,151309005,20005,100005,60005,CommStateCommunicating
9,1010009,70009,40009,80009,4026540009,80009,151309009,20009,100009,60009,ECChanged
10,1010010,70010,40010,80010,4026540010,80010,151309010,20010,100010,60010,RecipeModified
11,1010011,70011,40011,80011,4026540011,80011,151309011,20011,100011,60011,TraceEnd
12,1010012,70012,40012,80012,4026540012,80012,151309012,20012,100012,60012,SpoolingDeactivated
13,1010013,70013,40013,80013,4026540013,80013,151309013,20013,100013,60013,SpoolingActivated
14,1010014,70014,40014,80014,4026540014,80014,151309014,20014,100014,60014,LimitChecked
15,1010015,70015,40015,80015,4026540015,80015,151309015,20015,100015,60015,AlarmStateAlarm
16,1010016,70016,40016,80016,4026540016,80016,151309016,20016,100016,60016,AlarmStateNoAlarm
20,1010020,70020,40020,80020,4026540020,80020,151309020,20020,100020,60020,ProcessingStateIdle
21,1010021,70021,40021,80021,4026540021,80021,151309021,20021,100021,60021,ProcessingStateSetup
22,1010022,70022,40022,80022,4026540022,80022,151309022,20022,100022,60022,ProcessingStateReady
23,1010023,70023,40023,80023,4026540023,80023,151309023,20023,100023,60023,ProcessingStateExcuting
24,1010024,70024,40024,80024,4026540024,80024,151309024,20024,100024,60024,ProcessingStatePause
101,1010101,70101,40101,80101,4026540101,80101,151309101,20101,100101,60101,ProcessJobQueued
102,1010102,70102,40102,80102,4026540102,80102,151309102,20102,100102,60102,ProcessJobSettingUp
103,1010103,70103,40103,80103,4026540103,80103,151309103,20103,100103,60103,ProcessJobWaitingForHost
104,1010104,70104,40104,80104,4026540104,80104,151309104,20104,100104,60104,ProcessJobProcessing
105,1010105,70105,40105,80105,4026540105,80105,151309105,20105,100105,60105,ProcessJobProcessComplete
106,1010106,70106,40106,80106,4026540106,80106,151309106,20106,100106,60106,ProcessJobStopping
107,1010107,70107,40107,80107,4026540107,80107,151309107,20107,100107,60107,ProcessJobPausing
108,1010108,70108,40108,80108,4026540108,80108,151309108,20108,100108,60108,ProcessJobPaused
109,1010109,70109,40109,80109,4026540109,80109,151309109,20109,100109,60109,ProcessJobAborting
110,1010110,70110,40110,80110,4026540110,80110,151309110,20110,100110,60110,ProcessJobComplete
201,1010201,70201,40201,80201,4026540201,80201,151309201,20201,100201,60201,ControlJobQueued
202,1010202,70202,40202,80202,4026540202,80202,151309202,20202,100202,60202,ControlJobSelected
203,1010203,70203,40203,80203,4026540203,80203,151309203,20203,100203,60203,ControlJobWaitingForHost
204,1010204,70204,40204,80204,4026540204,80204,151309204,20204,100204,60204,ControlJobExecuting
205,1010205,70205,40205,80205,4026540205,80205,151309205,20205,100205,60205,ControlJobPaused
206,1010206,70206,40206,80206,4026540206,80206,151309206,20206,100206,60206,ControlJobCompleted
207,1010207,70207,40207,80207,4026540207,80207,151309207,20207,100207,60207,ControlJobAborted
208,1010208,70208,40208,80208,4026540208,80208,151309208,20208,100208,60208,ControlJobStopped
209,1010209,70209,40209,80209,4026540209,80209,151309209,20209,100209,60209,ControlJobCarrierComplete
210,1010210,70210,40210,80210,4026540210,80210,151309210,20210,100210,60210,ControlJobResumed
301,1010301,70301,40301,80301,4026540301,80301,151309301,20301,100301,60301,MouleJobSequenceJobStart
302,1010302,70302,40302,80302,4026540302,80302,151309302,20302,100302,60302,ModuleJobSequenceJobEnd
311,1010311,70311,40311,80311,4026540311,80311,151309311,20311,100311,60311,ModuleJobStart
312,1010312,70312,40312,80312,4026540312,80312,151309312,20312,100312,60312,ModuleJobEnd
313,1010313,70313,40313,80313,4026540313,80313,151309313,20313,100313,60313,ModuleJobWaitingTim Out
314,1010314,70314,40314,80314,4026540314,80314,151309314,20314,100314,60314,ModuleJobCancel
315,1010315,70315,40315,80315,4026540315,80315,151309315,20315,100315,60315,ModuleJobStop
316,1010316,70316,40316,80316,4026540316,80316,151309316,20316,100316,60316,ModuleJobAbort
321,1010321,70321,40321,80321,4026540321,80321,151309321,20321,100321,60321,WaferStartedfromFOUP
322,1010322,70322,40322,80322,4026540322,80322,151309322,20322,100322,60322,WaferStartedfromSFEMtoTool
323,1010323,70323,40323,80323,4026540323,80323,151309323,20323,100323,60323,WaferEndedfromTooltoSFEM
324,1010324,70324,40324,80324,4026540324,80324,151309324,20324,100324,60324,WaferEndedtoFOUP
341,1010341,70341,40341,80341,4026540341,80341,151309341,20341,100341,60341,TMA_Online
342,1010342,70342,40342,80342,4026540342,80342,151309342,20342,100342,60342,TMA_Offline
343,1010343,70343,40343,80343,4026540343,80343,151309343,20343,100343,60343,TMA_Maint
344,1010344,70344,40344,80344,4026540344,80344,151309344,20344,100344,60344,ALA_Online
345,1010345,70345,40345,80345,4026540345,80345,151309345,20345,100345,60345,ALA_Offline
346,1010346,70346,40346,80346,4026540346,80346,151309346,20346,100346,60346,ALA_Maint
347,1010347,70347,40347,80347,4026540347,80347,151309347,20347,100347,60347,ALB_Online
348,1010348,70348,40348,80348,4026540348,80348,151309348,20348,100348,60348,ALB_Offline
349,1010349,70349,40349,80349,4026540349,80349,151309349,20349,100349,60349,ALB_Maint
350,1010350,70350,40350,80350,4026540350,80350,151309350,20350,100350,60350,SideBuffer_Online
351,1010351,70351,40351,80351,4026540351,80351,151309351,20351,100351,60351,SideBuffer_Offline
352,1010352,70352,40352,80352,4026540352,80352,151309352,20352,100352,60352,SIdeBuffer_Maint
353,1010353,70353,40353,80353,4026540353,80353,151309353,20353,100353,60353,SideStorageA_Online
354,1010354,70354,40354,80354,4026540354,80354,151309354,20354,100354,60354,SideStorageA_Offline
355,1010355,70355,40355,80355,4026540355,80355,151309355,20355,100355,60355,SideStorageA_Maint
356,1010356,70356,40356,80356,4026540356,80356,151309356,20356,100356,60356,SideStorageB_Online
357,1010357,70357,40357,80357,4026540357,80357,151309357,20357,100357,60357,SideStorageB_Offline
358,1010358,70358,40358,80358,4026540358,80358,151309358,20358,100358,60358,SideStorageB_Maint
359,1010359,70359,40359,80359,4026540359,80359,151309359,20359,100359,60359,LoadLockA_Online
360,1010360,70360,40360,80360,4026540360,80360,151309360,20360,100360,60360,LoadLockA_Offline
361,1010361,70361,40361,80361,4026540361,80361,151309361,20361,100361,60361,LoadLockA_Maint
362,1010362,70362,40362,80362,4026540362,80362,151309362,20362,100362,60362,LoadLockB_Online
363,1010363,70363,40363,80363,4026540363,80363,151309363,20363,100363,60363,LoadLockB_Offline
364,1010364,70364,40364,80364,4026540364,80364,151309364,20364,100364,60364,LoadLockB_Maint
365,1010365,70365,40365,80365,4026540365,80365,151309365,20365,100365,60365,LoadLockC_Online
366,1010366,70366,40366,80366,4026540366,80366,151309366,20366,100366,60366,LoadLockC_Offline
367,1010367,70367,40367,80367,4026540367,80367,151309367,20367,100367,60367,LoadLockC_Maint
368,1010368,70368,40368,80368,4026540368,80368,151309368,20368,100368,60368,SFEMStateOnline
369,1010369,70369,40369,80369,4026540369,80369,151309369,20369,100369,60369,SFEMStateOffline
370,1010370,70370,40370,80370,4026540370,80370,151309370,20370,100370,60370,SFEMStateMaint
401,1010401,70401,40401,80401,4026540401,80401,151309401,20401,100401,60401,CarrierModuleOnline
402,1010402,70402,40402,80402,4026540402,80402,151309402,20402,100402,60402,CarrierModuleOffline
403,1010403,70403,40403,80403,4026540403,80403,151309403,20403,100403,60403,CarrierModuleMaint
411,1010411,70411,40411,80411,4026540411,80411,151309411,20411,100411,60411,CarrierLoadPortReadyToLoad
412,1010412,70412,40412,80412,4026540412,80412,151309412,20412,100412,60412,CarrierLoadPortOutOfService
413,1010413,70413,40413,80413,4026540413,80413,151309413,20413,100413,60413,CarrierLoadPortReadyToUnload
414,1010414,70414,40414,80414,4026540414,80414,151309414,20414,100414,60414,CarrierLoadPortTransferBloacked
415,1010415,70415,40415,80415,4026540415,80415,151309415,20415,100415,60415,CarrierIdNotRead
416,1010416,70416,40416,80416,4026540416,80416,151309416,20416,100416,60416,CarrierIdWaitingForHost
417,1010417,70417,40417,80417,4026540417,80417,151309417,20417,100417,60417,CarrierIdVerificationOK
418,1010418,70418,40418,80418,4026540418,80418,151309418,20418,100418,60418,CarrierIdVerificationFailed
419,1010419,70419,40419,80419,4026540419,80419,151309419,20419,100419,60419,CarrierSlotMapWaitingForHost
420,1010420,70420,40420,80420,4026540420,80420,151309420,20420,100420,60420,CarrierSlotMapVerificationOK
421,1010421,70421,40421,80421,4026540421,80421,151309421,20421,100421,60421,CarrierSlotMapVerificationFailed
422,1010422,70422,40422,80422,4026540422,80422,151309422,20422,100422,60422,CarrierSlotMapNotRead
423,1010423,70423,40423,80423,4026540423,80423,151309423,20423,100423,60423,CarrierNotAccessed
424,1010424,70424,40424,80424,4026540424,80424,151309424,20424,100424,60424,CarrierInAccess
425,1010425,70425,40425,80425,4026540425,80425,151309425,20425,100425,60425,CarrierComplete
426,1010426,70426,40426,80426,4026540426,80426,151309426,20426,100426,60426,CarrierStopped
427,1010427,70427,40427,80427,4026540427,80427,151309427,20427,100427,60427,CarrierNoState
428,1010428,70428,40428,80428,4026540428,80428,151309428,20428,100428,60428,CarrierLoadPortNotReserved
429,1010429,70429,40429,80429,4026540429,80429,151309429,20429,100429,60429,CarrierLoadPortReserved
430,1010430,70430,40430,80430,4026540430,80430,151309430,20430,100430,60430,CarrierLoadPortNotAssociated
431,1010431,70431,40431,80431,4026540431,80431,151309431,20431,100431,60431,CarrierLoadPortAssociated
432,1010432,70432,40432,80432,4026540432,80432,151309432,20432,100432,60432,CarrierAccessModeManul
433,1010433,70433,40433,80433,4026540433,80433,151309433,20433,100433,60433,CarrierAccessModeAuto
434,1010434,70434,40434,80434,4026540434,80434,151309434,20434,100434,60434,EntryCarrierUnloaded
435,1010435,70435,40435,80435,4026540435,80435,151309435,20435,100435,60435,CarrierProcessStart
436,1010436,70436,40436,80436,4026540436,80436,151309436,20436,100436,60436,CarrierProcessEnd
437,1010437,70437,40437,80437,4026540437,80437,151309437,20437,100437,60437,CarrireLoaded
438,1010438,70438,40438,80438,4026540438,80438,151309438,20438,100438,60438,CarrierIdReadComplete
439,1010439,70439,40439,80439,4026540439,80439,151309439,20439,100439,60439,CarrireIdReadFail
440,1010440,70440,40440,80440,4026540440,80440,151309440,20440,100440,60440,CarrierMappingComplete
441,1010441,70441,40441,80441,4026540441,80441,151309441,20441,100441,60441,CarrierMappingFail
442,1010442,70442,40442,80442,4026540442,80442,151309442,20442,100442,60442,CarrierUnloadedReal
443,1010443,70443,40443,80443,4026540443,80443,151309443,20443,100443,60443,CarrierUnloadedNotify
451,1010451,70451,40451,80451,4026540451,80451,151309451,20451,100451,60451,FOUPLocationChange
452,1010452,70452,40452,80452,4026540452,80452,151309452,20452,100452,60452,FOUPChange
453,1010453,70453,40453,80453,4026540453,80453,151309453,20453,100453,60453,FOUPPlaced
454,1010454,70454,40454,80454,4026540454,80454,151309454,20454,100454,60454,FOUPRemoved
455,1010455,70455,40455,80455,4026540455,80455,151309455,20455,100455,60455,FOUPClamped
456,1010456,70456,40456,80456,4026540456,80456,151309456,20456,100456,60456,FOUPUnclamped
457,1010457,70457,40457,80457,4026540457,80457,151309457,20457,100457,60457,FOUPDocked
458,1010458,70458,40458,80458,4026540458,80458,151309458,20458,100458,60458,FOUPUndocked
459,1010459,70459,40459,80459,4026540459,80459,151309459,20459,100459,60459,FOUPOpend
460,1010460,70460,40460,80460,4026540460,80460,151309460,20460,100460,60460,FOUPClosed
461,1010461,70461,40461,80461,4026540461,80461,151309461,20461,100461,60461,UICommand
471,1010471,70471,40471,80471,4026540471,80471,151309471,20471,100471,60471,UIJobStopCommand
472,1010472,70472,40472,80472,4026540472,80472,151309472,20472,100472,60472,UIJobAbortCommand
